- name: Home
  latitude: 51.273616
  longitude: 4.785493
