- name: Work
  latitude: 51.272387
  longitude: 4.655792
